{"cells":[{"metadata":{"trusted":true},"id":"vertical-infection","cell_type":"code","source":"# used for manipulating directory paths\nimport os\n\n# Scientific and vector computation for python\nimport numpy as np\n\n# Plotting library\nfrom matplotlib import pyplot\n\nimport pandas as pd\n\nimport numpy as np\nimport matplotlib\nimport matplotlib.pyplot as plt\n\n#import seaborn as sns\n#import statsmodels.api as sm\nfrom sklearn.model_selection import KFold, cross_val_score, train_test_split","execution_count":1,"outputs":[]},{"metadata":{"trusted":true},"id":"naked-cleaner","cell_type":"code","source":"data=pd.read_csv(\"house_prices_data_training_data.csv\")\ndata.dropna()\ndata","execution_count":2,"outputs":[{"output_type":"execute_result","execution_count":2,"data":{"text/plain":"                 id             date     price  bedrooms  bathrooms  \\\n0      7.129301e+09  20141013T000000  221900.0       3.0       1.00   \n1      6.414100e+09  20141209T000000  538000.0       3.0       2.25   \n2      5.631500e+09  20150225T000000  180000.0       2.0       1.00   \n3      2.487201e+09  20141209T000000  604000.0       4.0       3.00   \n4      1.954401e+09  20150218T000000  510000.0       3.0       2.00   \n...             ...              ...       ...       ...        ...   \n21602           NaN              NaN       NaN       NaN        NaN   \n21603           NaN              NaN       NaN       NaN        NaN   \n21604           NaN              NaN       NaN       NaN        NaN   \n21605           NaN              NaN       NaN       NaN        NaN   \n21606           NaN              NaN       NaN       NaN        NaN   \n\n       sqft_living  sqft_lot  floors  waterfront  view  ...  grade  \\\n0           1180.0    5650.0     1.0         0.0   0.0  ...    7.0   \n1           2570.0    7242.0     2.0         0.0   0.0  ...    7.0   \n2            770.0   10000.0     1.0         0.0   0.0  ...    6.0   \n3           1960.0    5000.0     1.0         0.0   0.0  ...    7.0   \n4           1680.0    8080.0     1.0         0.0   0.0  ...    8.0   \n...            ...       ...     ...         ...   ...  ...    ...   \n21602          NaN       NaN     NaN         NaN   NaN  ...    NaN   \n21603          NaN       NaN     NaN         NaN   NaN  ...    NaN   \n21604          NaN       NaN     NaN         NaN   NaN  ...    NaN   \n21605          NaN       NaN     NaN         NaN   NaN  ...    NaN   \n21606          NaN       NaN     NaN         NaN   NaN  ...    NaN   \n\n       sqft_above  sqft_basement  yr_built  yr_renovated  zipcode      lat  \\\n0          1180.0            0.0    1955.0           0.0  98178.0  47.5112   \n1          2170.0          400.0    1951.0        1991.0  98125.0  47.7210   \n2           770.0            0.0    1933.0           0.0  98028.0  47.7379   \n3          1050.0          910.0    1965.0           0.0  98136.0  47.5208   \n4          1680.0            0.0    1987.0           0.0  98074.0  47.6168   \n...           ...            ...       ...           ...      ...      ...   \n21602         NaN            NaN       NaN           NaN      NaN      NaN   \n21603         NaN            NaN       NaN           NaN      NaN      NaN   \n21604         NaN            NaN       NaN           NaN      NaN      NaN   \n21605         NaN            NaN       NaN           NaN      NaN      NaN   \n21606         NaN            NaN       NaN           NaN      NaN      NaN   \n\n          long  sqft_living15  sqft_lot15  \n0     -122.257         1340.0      5650.0  \n1     -122.319         1690.0      7639.0  \n2     -122.233         2720.0      8062.0  \n3     -122.393         1360.0      5000.0  \n4     -122.045         1800.0      7503.0  \n...        ...            ...         ...  \n21602      NaN            NaN         NaN  \n21603      NaN            NaN         NaN  \n21604      NaN            NaN         NaN  \n21605      NaN            NaN         NaN  \n21606      NaN            NaN         NaN  \n\n[21607 rows x 21 columns]","text/html":"<div>\n<style scoped>\n    .dataframe tbody tr th:only-of-type {\n        vertical-align: middle;\n    }\n\n    .dataframe tbody tr th {\n        vertical-align: top;\n    }\n\n    .dataframe thead th {\n        text-align: right;\n    }\n</style>\n<table border=\"1\" class=\"dataframe\">\n  <thead>\n    <tr style=\"text-align: right;\">\n      <th></th>\n      <th>id</th>\n      <th>date</th>\n      <th>price</th>\n      <th>bedrooms</th>\n      <th>bathrooms</th>\n      <th>sqft_living</th>\n      <th>sqft_lot</th>\n      <th>floors</th>\n      <th>waterfront</th>\n      <th>view</th>\n      <th>...</th>\n      <th>grade</th>\n      <th>sqft_above</th>\n      <th>sqft_basement</th>\n      <th>yr_built</th>\n      <th>yr_renovated</th>\n      <th>zipcode</th>\n      <th>lat</th>\n      <th>long</th>\n      <th>sqft_living15</th>\n      <th>sqft_lot15</th>\n    </tr>\n  </thead>\n  <tbody>\n    <tr>\n      <th>0</th>\n      <td>7.129301e+09</td>\n      <td>20141013T000000</td>\n      <td>221900.0</td>\n      <td>3.0</td>\n      <td>1.00</td>\n      <td>1180.0</td>\n      <td>5650.0</td>\n      <td>1.0</td>\n      <td>0.0</td>\n      <td>0.0</td>\n      <td>...</td>\n      <td>7.0</td>\n      <td>1180.0</td>\n      <td>0.0</td>\n      <td>1955.0</td>\n      <td>0.0</td>\n      <td>98178.0</td>\n      <td>47.5112</td>\n      <td>-122.257</td>\n      <td>1340.0</td>\n      <td>5650.0</td>\n    </tr>\n    <tr>\n      <th>1</th>\n      <td>6.414100e+09</td>\n      <td>20141209T000000</td>\n      <td>538000.0</td>\n      <td>3.0</td>\n      <td>2.25</td>\n      <td>2570.0</td>\n      <td>7242.0</td>\n      <td>2.0</td>\n      <td>0.0</td>\n      <td>0.0</td>\n      <td>...</td>\n      <td>7.0</td>\n      <td>2170.0</td>\n      <td>400.0</td>\n      <td>1951.0</td>\n      <td>1991.0</td>\n      <td>98125.0</td>\n      <td>47.7210</td>\n      <td>-122.319</td>\n      <td>1690.0</td>\n      <td>7639.0</td>\n    </tr>\n    <tr>\n      <th>2</th>\n      <td>5.631500e+09</td>\n      <td>20150225T000000</td>\n      <td>180000.0</td>\n      <td>2.0</td>\n      <td>1.00</td>\n      <td>770.0</td>\n      <td>10000.0</td>\n      <td>1.0</td>\n      <td>0.0</td>\n      <td>0.0</td>\n      <td>...</td>\n      <td>6.0</td>\n      <td>770.0</td>\n      <td>0.0</td>\n      <td>1933.0</td>\n      <td>0.0</td>\n      <td>98028.0</td>\n      <td>47.7379</td>\n      <td>-122.233</td>\n      <td>2720.0</td>\n      <td>8062.0</td>\n    </tr>\n    <tr>\n      <th>3</th>\n      <td>2.487201e+09</td>\n      <td>20141209T000000</td>\n      <td>604000.0</td>\n      <td>4.0</td>\n      <td>3.00</td>\n      <td>1960.0</td>\n      <td>5000.0</td>\n      <td>1.0</td>\n      <td>0.0</td>\n      <td>0.0</td>\n      <td>...</td>\n      <td>7.0</td>\n      <td>1050.0</td>\n      <td>910.0</td>\n      <td>1965.0</td>\n      <td>0.0</td>\n      <td>98136.0</td>\n      <td>47.5208</td>\n      <td>-122.393</td>\n      <td>1360.0</td>\n      <td>5000.0</td>\n    </tr>\n    <tr>\n      <th>4</th>\n      <td>1.954401e+09</td>\n      <td>20150218T000000</td>\n      <td>510000.0</td>\n      <td>3.0</td>\n      <td>2.00</td>\n      <td>1680.0</td>\n      <td>8080.0</td>\n      <td>1.0</td>\n      <td>0.0</td>\n      <td>0.0</td>\n      <td>...</td>\n      <td>8.0</td>\n      <td>1680.0</td>\n      <td>0.0</td>\n      <td>1987.0</td>\n      <td>0.0</td>\n      <td>98074.0</td>\n      <td>47.6168</td>\n      <td>-122.045</td>\n      <td>1800.0</td>\n      <td>7503.0</td>\n    </tr>\n    <tr>\n      <th>...</th>\n      <td>...</td>\n      <td>...</td>\n      <td>...</td>\n      <td>...</td>\n      <td>...</td>\n      <td>...</td>\n      <td>...</td>\n      <td>...</td>\n      <td>...</td>\n      <td>...</td>\n      <td>...</td>\n      <td>...</td>\n      <td>...</td>\n      <td>...</td>\n      <td>...</td>\n      <td>...</td>\n      <td>...</td>\n      <td>...</td>\n      <td>...</td>\n      <td>...</td>\n      <td>...</td>\n    </tr>\n    <tr>\n      <th>21602</th>\n      <td>NaN</td>\n      <td>NaN</td>\n      <td>NaN</td>\n      <td>NaN</td>\n      <td>NaN</td>\n      <td>NaN</td>\n      <td>NaN</td>\n      <td>NaN</td>\n      <td>NaN</td>\n      <td>NaN</td>\n      <td>...</td>\n      <td>NaN</td>\n      <td>NaN</td>\n      <td>NaN</td>\n      <td>NaN</td>\n      <td>NaN</td>\n      <td>NaN</td>\n      <td>NaN</td>\n      <td>NaN</td>\n      <td>NaN</td>\n      <td>NaN</td>\n    </tr>\n    <tr>\n      <th>21603</th>\n      <td>NaN</td>\n      <td>NaN</td>\n      <td>NaN</td>\n      <td>NaN</td>\n      <td>NaN</td>\n      <td>NaN</td>\n      <td>NaN</td>\n      <td>NaN</td>\n      <td>NaN</td>\n      <td>NaN</td>\n      <td>...</td>\n      <td>NaN</td>\n      <td>NaN</td>\n      <td>NaN</td>\n      <td>NaN</td>\n      <td>NaN</td>\n      <td>NaN</td>\n      <td>NaN</td>\n      <td>NaN</td>\n      <td>NaN</td>\n      <td>NaN</td>\n    </tr>\n    <tr>\n      <th>21604</th>\n      <td>NaN</td>\n      <td>NaN</td>\n      <td>NaN</td>\n      <td>NaN</td>\n      <td>NaN</td>\n      <td>NaN</td>\n      <td>NaN</td>\n      <td>NaN</td>\n      <td>NaN</td>\n      <td>NaN</td>\n      <td>...</td>\n      <td>NaN</td>\n      <td>NaN</td>\n      <td>NaN</td>\n      <td>NaN</td>\n      <td>NaN</td>\n      <td>NaN</td>\n      <td>NaN</td>\n      <td>NaN</td>\n      <td>NaN</td>\n      <td>NaN</td>\n    </tr>\n    <tr>\n      <th>21605</th>\n      <td>NaN</td>\n      <td>NaN</td>\n      <td>NaN</td>\n      <td>NaN</td>\n      <td>NaN</td>\n      <td>NaN</td>\n      <td>NaN</td>\n      <td>NaN</td>\n      <td>NaN</td>\n      <td>NaN</td>\n      <td>...</td>\n      <td>NaN</td>\n      <td>NaN</td>\n      <td>NaN</td>\n      <td>NaN</td>\n      <td>NaN</td>\n      <td>NaN</td>\n      <td>NaN</td>\n      <td>NaN</td>\n      <td>NaN</td>\n      <td>NaN</td>\n    </tr>\n    <tr>\n      <th>21606</th>\n      <td>NaN</td>\n      <td>NaN</td>\n      <td>NaN</td>\n      <td>NaN</td>\n      <td>NaN</td>\n      <td>NaN</td>\n      <td>NaN</td>\n      <td>NaN</td>\n      <td>NaN</td>\n      <td>NaN</td>\n      <td>...</td>\n      <td>NaN</td>\n      <td>NaN</td>\n      <td>NaN</td>\n      <td>NaN</td>\n      <td>NaN</td>\n      <td>NaN</td>\n      <td>NaN</td>\n      <td>NaN</td>\n      <td>NaN</td>\n      <td>NaN</td>\n    </tr>\n  </tbody>\n</table>\n<p>21607 rows × 21 columns</p>\n</div>"},"metadata":{}}]},{"metadata":{"trusted":true},"id":"faced-december","cell_type":"code","source":"data.dropna(axis=0, how='any', thresh= None, subset= None, inplace=True)","execution_count":3,"outputs":[]},{"metadata":{"trusted":true},"id":"ecological-compiler","cell_type":"code","source":"data","execution_count":4,"outputs":[{"output_type":"execute_result","execution_count":4,"data":{"text/plain":"                 id             date      price  bedrooms  bathrooms  \\\n0      7.129301e+09  20141013T000000   221900.0       3.0       1.00   \n1      6.414100e+09  20141209T000000   538000.0       3.0       2.25   \n2      5.631500e+09  20150225T000000   180000.0       2.0       1.00   \n3      2.487201e+09  20141209T000000   604000.0       4.0       3.00   \n4      1.954401e+09  20150218T000000   510000.0       3.0       2.00   \n...             ...              ...        ...       ...        ...   \n17994  6.414100e+09  20150108T000000   320000.0       2.0       1.00   \n17995  1.346300e+09  20140626T000000  1990000.0       5.0       3.00   \n17996  2.212210e+09  20140702T000000   253000.0       2.0       1.00   \n17997  2.050004e+08  20140915T000000   630000.0       3.0       2.50   \n17998  2.892600e+09  20150106T000000   216000.0       2.0       1.00   \n\n       sqft_living  sqft_lot  floors  waterfront  view  ...  grade  \\\n0           1180.0    5650.0     1.0         0.0   0.0  ...    7.0   \n1           2570.0    7242.0     2.0         0.0   0.0  ...    7.0   \n2            770.0   10000.0     1.0         0.0   0.0  ...    6.0   \n3           1960.0    5000.0     1.0         0.0   0.0  ...    7.0   \n4           1680.0    8080.0     1.0         0.0   0.0  ...    8.0   \n...            ...       ...     ...         ...   ...  ...    ...   \n17994       1802.0   11225.0     1.0         0.0   0.0  ...    7.0   \n17995       4480.0    5000.0     2.5         0.0   0.0  ...   12.0   \n17996       1310.0    7128.0     1.0         0.0   0.0  ...    7.0   \n17997       2320.0   32772.0     2.0         0.0   0.0  ...    9.0   \n17998       1130.0   12500.0     1.0         0.0   0.0  ...    7.0   \n\n       sqft_above  sqft_basement  yr_built  yr_renovated  zipcode      lat  \\\n0          1180.0            0.0    1955.0           0.0  98178.0  47.5112   \n1          2170.0          400.0    1951.0        1991.0  98125.0  47.7210   \n2           770.0            0.0    1933.0           0.0  98028.0  47.7379   \n3          1050.0          910.0    1965.0           0.0  98136.0  47.5208   \n4          1680.0            0.0    1987.0           0.0  98074.0  47.6168   \n...           ...            ...       ...           ...      ...      ...   \n17994      1802.0            0.0    1961.0           0.0  98125.0  47.7205   \n17995      3420.0         1060.0    1902.0           0.0  98112.0  47.6275   \n17996       940.0          370.0    1980.0           0.0  98031.0  47.3958   \n17997      2320.0            0.0    1992.0           0.0  98053.0  47.6304   \n17998      1130.0            0.0    1953.0           0.0  98055.0  47.4514   \n\n          long  sqft_living15  sqft_lot15  \n0     -122.257         1340.0      5650.0  \n1     -122.319         1690.0      7639.0  \n2     -122.233         2720.0      8062.0  \n3     -122.393         1360.0      5000.0  \n4     -122.045         1800.0      7503.0  \n...        ...            ...         ...  \n17994 -122.323         1810.0      7332.0  \n17995 -122.315         3220.0      5600.0  \n17996 -122.189         1400.0      7161.0  \n17997 -121.988         2610.0     33305.0  \n17998 -122.187         1270.0     10798.0  \n\n[17999 rows x 21 columns]","text/html":"<div>\n<style scoped>\n    .dataframe tbody tr th:only-of-type {\n        vertical-align: middle;\n    }\n\n    .dataframe tbody tr th {\n        vertical-align: top;\n    }\n\n    .dataframe thead th {\n        text-align: right;\n    }\n</style>\n<table border=\"1\" class=\"dataframe\">\n  <thead>\n    <tr style=\"text-align: right;\">\n      <th></th>\n      <th>id</th>\n      <th>date</th>\n      <th>price</th>\n      <th>bedrooms</th>\n      <th>bathrooms</th>\n      <th>sqft_living</th>\n      <th>sqft_lot</th>\n      <th>floors</th>\n      <th>waterfront</th>\n      <th>view</th>\n      <th>...</th>\n      <th>grade</th>\n      <th>sqft_above</th>\n      <th>sqft_basement</th>\n      <th>yr_built</th>\n      <th>yr_renovated</th>\n      <th>zipcode</th>\n      <th>lat</th>\n      <th>long</th>\n      <th>sqft_living15</th>\n      <th>sqft_lot15</th>\n    </tr>\n  </thead>\n  <tbody>\n    <tr>\n      <th>0</th>\n      <td>7.129301e+09</td>\n      <td>20141013T000000</td>\n      <td>221900.0</td>\n      <td>3.0</td>\n      <td>1.00</td>\n      <td>1180.0</td>\n      <td>5650.0</td>\n      <td>1.0</td>\n      <td>0.0</td>\n      <td>0.0</td>\n      <td>...</td>\n      <td>7.0</td>\n      <td>1180.0</td>\n      <td>0.0</td>\n      <td>1955.0</td>\n      <td>0.0</td>\n      <td>98178.0</td>\n      <td>47.5112</td>\n      <td>-122.257</td>\n      <td>1340.0</td>\n      <td>5650.0</td>\n    </tr>\n    <tr>\n      <th>1</th>\n      <td>6.414100e+09</td>\n      <td>20141209T000000</td>\n      <td>538000.0</td>\n      <td>3.0</td>\n      <td>2.25</td>\n      <td>2570.0</td>\n      <td>7242.0</td>\n      <td>2.0</td>\n      <td>0.0</td>\n      <td>0.0</td>\n      <td>...</td>\n      <td>7.0</td>\n      <td>2170.0</td>\n      <td>400.0</td>\n      <td>1951.0</td>\n      <td>1991.0</td>\n      <td>98125.0</td>\n      <td>47.7210</td>\n      <td>-122.319</td>\n      <td>1690.0</td>\n      <td>7639.0</td>\n    </tr>\n    <tr>\n      <th>2</th>\n      <td>5.631500e+09</td>\n      <td>20150225T000000</td>\n      <td>180000.0</td>\n      <td>2.0</td>\n      <td>1.00</td>\n      <td>770.0</td>\n      <td>10000.0</td>\n      <td>1.0</td>\n      <td>0.0</td>\n      <td>0.0</td>\n      <td>...</td>\n      <td>6.0</td>\n      <td>770.0</td>\n      <td>0.0</td>\n      <td>1933.0</td>\n      <td>0.0</td>\n      <td>98028.0</td>\n      <td>47.7379</td>\n      <td>-122.233</td>\n      <td>2720.0</td>\n      <td>8062.0</td>\n    </tr>\n    <tr>\n      <th>3</th>\n      <td>2.487201e+09</td>\n      <td>20141209T000000</td>\n      <td>604000.0</td>\n      <td>4.0</td>\n      <td>3.00</td>\n      <td>1960.0</td>\n      <td>5000.0</td>\n      <td>1.0</td>\n      <td>0.0</td>\n      <td>0.0</td>\n      <td>...</td>\n      <td>7.0</td>\n      <td>1050.0</td>\n      <td>910.0</td>\n      <td>1965.0</td>\n      <td>0.0</td>\n      <td>98136.0</td>\n      <td>47.5208</td>\n      <td>-122.393</td>\n      <td>1360.0</td>\n      <td>5000.0</td>\n    </tr>\n    <tr>\n      <th>4</th>\n      <td>1.954401e+09</td>\n      <td>20150218T000000</td>\n      <td>510000.0</td>\n      <td>3.0</td>\n      <td>2.00</td>\n      <td>1680.0</td>\n      <td>8080.0</td>\n      <td>1.0</td>\n      <td>0.0</td>\n      <td>0.0</td>\n      <td>...</td>\n      <td>8.0</td>\n      <td>1680.0</td>\n      <td>0.0</td>\n      <td>1987.0</td>\n      <td>0.0</td>\n      <td>98074.0</td>\n      <td>47.6168</td>\n      <td>-122.045</td>\n      <td>1800.0</td>\n      <td>7503.0</td>\n    </tr>\n    <tr>\n      <th>...</th>\n      <td>...</td>\n      <td>...</td>\n      <td>...</td>\n      <td>...</td>\n      <td>...</td>\n      <td>...</td>\n      <td>...</td>\n      <td>...</td>\n      <td>...</td>\n      <td>...</td>\n      <td>...</td>\n      <td>...</td>\n      <td>...</td>\n      <td>...</td>\n      <td>...</td>\n      <td>...</td>\n      <td>...</td>\n      <td>...</td>\n      <td>...</td>\n      <td>...</td>\n      <td>...</td>\n    </tr>\n    <tr>\n      <th>17994</th>\n      <td>6.414100e+09</td>\n      <td>20150108T000000</td>\n      <td>320000.0</td>\n      <td>2.0</td>\n      <td>1.00</td>\n      <td>1802.0</td>\n      <td>11225.0</td>\n      <td>1.0</td>\n      <td>0.0</td>\n      <td>0.0</td>\n      <td>...</td>\n      <td>7.0</td>\n      <td>1802.0</td>\n      <td>0.0</td>\n      <td>1961.0</td>\n      <td>0.0</td>\n      <td>98125.0</td>\n      <td>47.7205</td>\n      <td>-122.323</td>\n      <td>1810.0</td>\n      <td>7332.0</td>\n    </tr>\n    <tr>\n      <th>17995</th>\n      <td>1.346300e+09</td>\n      <td>20140626T000000</td>\n      <td>1990000.0</td>\n      <td>5.0</td>\n      <td>3.00</td>\n      <td>4480.0</td>\n      <td>5000.0</td>\n      <td>2.5</td>\n      <td>0.0</td>\n      <td>0.0</td>\n      <td>...</td>\n      <td>12.0</td>\n      <td>3420.0</td>\n      <td>1060.0</td>\n      <td>1902.0</td>\n      <td>0.0</td>\n      <td>98112.0</td>\n      <td>47.6275</td>\n      <td>-122.315</td>\n      <td>3220.0</td>\n      <td>5600.0</td>\n    </tr>\n    <tr>\n      <th>17996</th>\n      <td>2.212210e+09</td>\n      <td>20140702T000000</td>\n      <td>253000.0</td>\n      <td>2.0</td>\n      <td>1.00</td>\n      <td>1310.0</td>\n      <td>7128.0</td>\n      <td>1.0</td>\n      <td>0.0</td>\n      <td>0.0</td>\n      <td>...</td>\n      <td>7.0</td>\n      <td>940.0</td>\n      <td>370.0</td>\n      <td>1980.0</td>\n      <td>0.0</td>\n      <td>98031.0</td>\n      <td>47.3958</td>\n      <td>-122.189</td>\n      <td>1400.0</td>\n      <td>7161.0</td>\n    </tr>\n    <tr>\n      <th>17997</th>\n      <td>2.050004e+08</td>\n      <td>20140915T000000</td>\n      <td>630000.0</td>\n      <td>3.0</td>\n      <td>2.50</td>\n      <td>2320.0</td>\n      <td>32772.0</td>\n      <td>2.0</td>\n      <td>0.0</td>\n      <td>0.0</td>\n      <td>...</td>\n      <td>9.0</td>\n      <td>2320.0</td>\n      <td>0.0</td>\n      <td>1992.0</td>\n      <td>0.0</td>\n      <td>98053.0</td>\n      <td>47.6304</td>\n      <td>-121.988</td>\n      <td>2610.0</td>\n      <td>33305.0</td>\n    </tr>\n    <tr>\n      <th>17998</th>\n      <td>2.892600e+09</td>\n      <td>20150106T000000</td>\n      <td>216000.0</td>\n      <td>2.0</td>\n      <td>1.00</td>\n      <td>1130.0</td>\n      <td>12500.0</td>\n      <td>1.0</td>\n      <td>0.0</td>\n      <td>0.0</td>\n      <td>...</td>\n      <td>7.0</td>\n      <td>1130.0</td>\n      <td>0.0</td>\n      <td>1953.0</td>\n      <td>0.0</td>\n      <td>98055.0</td>\n      <td>47.4514</td>\n      <td>-122.187</td>\n      <td>1270.0</td>\n      <td>10798.0</td>\n    </tr>\n  </tbody>\n</table>\n<p>17999 rows × 21 columns</p>\n</div>"},"metadata":{}}]},{"metadata":{"trusted":true},"id":"expected-douglas","cell_type":"code","source":"correlation_table= data.corr()\ncorrelation_table","execution_count":5,"outputs":[{"output_type":"execute_result","execution_count":5,"data":{"text/plain":"                     id     price  bedrooms  bathrooms  sqft_living  sqft_lot  \\\nid             1.000000 -0.015349  0.002968   0.004132    -0.011647 -0.134774   \nprice         -0.015349  1.000000  0.302998   0.523706     0.701492  0.088863   \nbedrooms       0.002968  0.302998  1.000000   0.518975     0.563960  0.029706   \nbathrooms      0.004132  0.523706  0.518975   1.000000     0.761185  0.092881   \nsqft_living   -0.011647  0.701492  0.563960   0.761185     1.000000  0.171436   \nsqft_lot      -0.134774  0.088863  0.029706   0.092881     0.171436  1.000000   \nfloors         0.015786  0.280903  0.208355   0.503779     0.400094  0.022333   \nwaterfront    -0.002179  0.275296 -0.000120   0.075441     0.115717  0.021800   \nview           0.012762  0.403321  0.084015   0.202049     0.294186  0.069300   \ncondition     -0.020641  0.047493  0.032531  -0.093526    -0.047880 -0.019925   \ngrade          0.006744  0.662583  0.357633   0.659452     0.767729  0.120176   \nsqft_above    -0.011529  0.604963  0.457610   0.684892     0.867604  0.187710   \nsqft_basement -0.002734  0.324877  0.312698   0.301539     0.453788  0.007957   \nyr_built       0.021260  0.036774  0.162714   0.484680     0.324299  0.082907   \nyr_renovated  -0.020168  0.137104  0.023341   0.069777     0.068040  0.005654   \nzipcode       -0.010725 -0.042484 -0.139447  -0.202740    -0.179350 -0.127868   \nlat           -0.004442  0.309013  0.002399   0.024802     0.062952 -0.085148   \nlong           0.011044  0.011829  0.110804   0.221787     0.217911  0.229418   \nsqft_living15 -0.011673  0.599256  0.373918   0.578656     0.752655  0.154483   \nsqft_lot15    -0.144172  0.078733  0.026047   0.093108     0.183090  0.701012   \n\n                 floors  waterfront      view  condition     grade  \\\nid             0.015786   -0.002179  0.012762  -0.020641  0.006744   \nprice          0.280903    0.275296  0.403321   0.047493  0.662583   \nbedrooms       0.208355   -0.000120  0.084015   0.032531  0.357633   \nbathrooms      0.503779    0.075441  0.202049  -0.093526  0.659452   \nsqft_living    0.400094    0.115717  0.294186  -0.047880  0.767729   \nsqft_lot       0.022333    0.021800  0.069300  -0.019925  0.120176   \nfloors         1.000000    0.035147  0.053143  -0.220214  0.463205   \nwaterfront     0.035147    1.000000  0.401187   0.011109  0.089171   \nview           0.053143    0.401187  1.000000   0.038997  0.261069   \ncondition     -0.220214    0.011109  0.038997   1.000000 -0.125651   \ngrade          0.463205    0.089171  0.261069  -0.125651  1.000000   \nsqft_above     0.579794    0.084253  0.178029  -0.145523  0.761664   \nsqft_basement -0.235400    0.081442  0.271859   0.164615  0.177103   \nyr_built       0.416793   -0.016935 -0.038771  -0.315515  0.433399   \nyr_renovated   0.034917    0.086466  0.103100  -0.073901  0.027358   \nzipcode       -0.080677    0.033757  0.090166  -0.001262 -0.186288   \nlat            0.034106   -0.014013  0.004867  -0.017790  0.112689   \nlong           0.163102   -0.044603 -0.084820  -0.106673  0.202731   \nsqft_living15  0.326940    0.091463  0.291409  -0.089569  0.735202   \nsqft_lot15     0.018859    0.030377  0.066526  -0.016417  0.127271   \n\n               sqft_above  sqft_basement  yr_built  yr_renovated   zipcode  \\\nid              -0.011529      -0.002734  0.021260     -0.020168 -0.010725   \nprice            0.604963       0.324877  0.036774      0.137104 -0.042484   \nbedrooms         0.457610       0.312698  0.162714      0.023341 -0.139447   \nbathrooms        0.684892       0.301539  0.484680      0.069777 -0.202740   \nsqft_living      0.867604       0.453788  0.324299      0.068040 -0.179350   \nsqft_lot         0.187710       0.007957  0.082907      0.005654 -0.127868   \nfloors           0.579794      -0.235400  0.416793      0.034917 -0.080677   \nwaterfront       0.084253       0.081442 -0.016935      0.086466  0.033757   \nview             0.178029       0.271859 -0.038771      0.103100  0.090166   \ncondition       -0.145523       0.164615 -0.315515     -0.073901 -0.001262   \ngrade            0.761664       0.177103  0.433399      0.027358 -0.186288   \nsqft_above       1.000000      -0.049400  0.424738      0.039006 -0.243199   \nsqft_basement   -0.049400       1.000000 -0.109774      0.066765  0.075588   \nyr_built         0.424738      -0.109774  1.000000     -0.217105 -0.385263   \nyr_renovated     0.039006       0.066765 -0.217105      1.000000  0.064416   \nzipcode         -0.243199       0.075588 -0.385263      0.064416  1.000000   \nlat              0.010145       0.108263 -0.166478      0.032052  0.264582   \nlong             0.327287      -0.148824  0.457330     -0.069081 -0.561442   \nsqft_living15    0.727733       0.207632  0.348327      0.001329 -0.260525   \nsqft_lot15       0.200252       0.008890  0.107737      0.005073 -0.147365   \n\n                    lat      long  sqft_living15  sqft_lot15  \nid            -0.004442  0.011044      -0.011673   -0.144172  \nprice          0.309013  0.011829       0.599256    0.078733  \nbedrooms       0.002399  0.110804       0.373918    0.026047  \nbathrooms      0.024802  0.221787       0.578656    0.093108  \nsqft_living    0.062952  0.217911       0.752655    0.183090  \nsqft_lot      -0.085148  0.229418       0.154483    0.701012  \nfloors         0.034106  0.163102       0.326940    0.018859  \nwaterfront    -0.014013 -0.044603       0.091463    0.030377  \nview           0.004867 -0.084820       0.291409    0.066526  \ncondition     -0.017790 -0.106673      -0.089569   -0.016417  \ngrade          0.112689  0.202731       0.735202    0.127271  \nsqft_above     0.010145  0.327287       0.727733    0.200252  \nsqft_basement  0.108263 -0.148824       0.207632    0.008890  \nyr_built      -0.166478  0.457330       0.348327    0.107737  \nyr_renovated   0.032052 -0.069081       0.001329    0.005073  \nzipcode        0.264582 -0.561442      -0.260525   -0.147365  \nlat            1.000000 -0.126174       0.068425   -0.088959  \nlong          -0.126174  1.000000       0.308182    0.260622  \nsqft_living15  0.068425  0.308182       1.000000    0.193027  \nsqft_lot15    -0.088959  0.260622       0.193027    1.000000  ","text/html":"<div>\n<style scoped>\n    .dataframe tbody tr th:only-of-type {\n        vertical-align: middle;\n    }\n\n    .dataframe tbody tr th {\n        vertical-align: top;\n    }\n\n    .dataframe thead th {\n        text-align: right;\n    }\n</style>\n<table border=\"1\" class=\"dataframe\">\n  <thead>\n    <tr style=\"text-align: right;\">\n      <th></th>\n      <th>id</th>\n      <th>price</th>\n      <th>bedrooms</th>\n      <th>bathrooms</th>\n      <th>sqft_living</th>\n      <th>sqft_lot</th>\n      <th>floors</th>\n      <th>waterfront</th>\n      <th>view</th>\n      <th>condition</th>\n      <th>grade</th>\n      <th>sqft_above</th>\n      <th>sqft_basement</th>\n      <th>yr_built</th>\n      <th>yr_renovated</th>\n      <th>zipcode</th>\n      <th>lat</th>\n      <th>long</th>\n      <th>sqft_living15</th>\n      <th>sqft_lot15</th>\n    </tr>\n  </thead>\n  <tbody>\n    <tr>\n      <th>id</th>\n      <td>1.000000</td>\n      <td>-0.015349</td>\n      <td>0.002968</td>\n      <td>0.004132</td>\n      <td>-0.011647</td>\n      <td>-0.134774</td>\n      <td>0.015786</td>\n      <td>-0.002179</td>\n      <td>0.012762</td>\n      <td>-0.020641</td>\n      <td>0.006744</td>\n      <td>-0.011529</td>\n      <td>-0.002734</td>\n      <td>0.021260</td>\n      <td>-0.020168</td>\n      <td>-0.010725</td>\n      <td>-0.004442</td>\n      <td>0.011044</td>\n      <td>-0.011673</td>\n      <td>-0.144172</td>\n    </tr>\n    <tr>\n      <th>price</th>\n      <td>-0.015349</td>\n      <td>1.000000</td>\n      <td>0.302998</td>\n      <td>0.523706</td>\n      <td>0.701492</td>\n      <td>0.088863</td>\n      <td>0.280903</td>\n      <td>0.275296</td>\n      <td>0.403321</td>\n      <td>0.047493</td>\n      <td>0.662583</td>\n      <td>0.604963</td>\n      <td>0.324877</td>\n      <td>0.036774</td>\n      <td>0.137104</td>\n      <td>-0.042484</td>\n      <td>0.309013</td>\n      <td>0.011829</td>\n      <td>0.599256</td>\n      <td>0.078733</td>\n    </tr>\n    <tr>\n      <th>bedrooms</th>\n      <td>0.002968</td>\n      <td>0.302998</td>\n      <td>1.000000</td>\n      <td>0.518975</td>\n      <td>0.563960</td>\n      <td>0.029706</td>\n      <td>0.208355</td>\n      <td>-0.000120</td>\n      <td>0.084015</td>\n      <td>0.032531</td>\n      <td>0.357633</td>\n      <td>0.457610</td>\n      <td>0.312698</td>\n      <td>0.162714</td>\n      <td>0.023341</td>\n      <td>-0.139447</td>\n      <td>0.002399</td>\n      <td>0.110804</td>\n      <td>0.373918</td>\n      <td>0.026047</td>\n    </tr>\n    <tr>\n      <th>bathrooms</th>\n      <td>0.004132</td>\n      <td>0.523706</td>\n      <td>0.518975</td>\n      <td>1.000000</td>\n      <td>0.761185</td>\n      <td>0.092881</td>\n      <td>0.503779</td>\n      <td>0.075441</td>\n      <td>0.202049</td>\n      <td>-0.093526</td>\n      <td>0.659452</td>\n      <td>0.684892</td>\n      <td>0.301539</td>\n      <td>0.484680</td>\n      <td>0.069777</td>\n      <td>-0.202740</td>\n      <td>0.024802</td>\n      <td>0.221787</td>\n      <td>0.578656</td>\n      <td>0.093108</td>\n    </tr>\n    <tr>\n      <th>sqft_living</th>\n      <td>-0.011647</td>\n      <td>0.701492</td>\n      <td>0.563960</td>\n      <td>0.761185</td>\n      <td>1.000000</td>\n      <td>0.171436</td>\n      <td>0.400094</td>\n      <td>0.115717</td>\n      <td>0.294186</td>\n      <td>-0.047880</td>\n      <td>0.767729</td>\n      <td>0.867604</td>\n      <td>0.453788</td>\n      <td>0.324299</td>\n      <td>0.068040</td>\n      <td>-0.179350</td>\n      <td>0.062952</td>\n      <td>0.217911</td>\n      <td>0.752655</td>\n      <td>0.183090</td>\n    </tr>\n    <tr>\n      <th>sqft_lot</th>\n      <td>-0.134774</td>\n      <td>0.088863</td>\n      <td>0.029706</td>\n      <td>0.092881</td>\n      <td>0.171436</td>\n      <td>1.000000</td>\n      <td>0.022333</td>\n      <td>0.021800</td>\n      <td>0.069300</td>\n      <td>-0.019925</td>\n      <td>0.120176</td>\n      <td>0.187710</td>\n      <td>0.007957</td>\n      <td>0.082907</td>\n      <td>0.005654</td>\n      <td>-0.127868</td>\n      <td>-0.085148</td>\n      <td>0.229418</td>\n      <td>0.154483</td>\n      <td>0.701012</td>\n    </tr>\n    <tr>\n      <th>floors</th>\n      <td>0.015786</td>\n      <td>0.280903</td>\n      <td>0.208355</td>\n      <td>0.503779</td>\n      <td>0.400094</td>\n      <td>0.022333</td>\n      <td>1.000000</td>\n      <td>0.035147</td>\n      <td>0.053143</td>\n      <td>-0.220214</td>\n      <td>0.463205</td>\n      <td>0.579794</td>\n      <td>-0.235400</td>\n      <td>0.416793</td>\n      <td>0.034917</td>\n      <td>-0.080677</td>\n      <td>0.034106</td>\n      <td>0.163102</td>\n      <td>0.326940</td>\n      <td>0.018859</td>\n    </tr>\n    <tr>\n      <th>waterfront</th>\n      <td>-0.002179</td>\n      <td>0.275296</td>\n      <td>-0.000120</td>\n      <td>0.075441</td>\n      <td>0.115717</td>\n      <td>0.021800</td>\n      <td>0.035147</td>\n      <td>1.000000</td>\n      <td>0.401187</td>\n      <td>0.011109</td>\n      <td>0.089171</td>\n      <td>0.084253</td>\n      <td>0.081442</td>\n      <td>-0.016935</td>\n      <td>0.086466</td>\n      <td>0.033757</td>\n      <td>-0.014013</td>\n      <td>-0.044603</td>\n      <td>0.091463</td>\n      <td>0.030377</td>\n    </tr>\n    <tr>\n      <th>view</th>\n      <td>0.012762</td>\n      <td>0.403321</td>\n      <td>0.084015</td>\n      <td>0.202049</td>\n      <td>0.294186</td>\n      <td>0.069300</td>\n      <td>0.053143</td>\n      <td>0.401187</td>\n      <td>1.000000</td>\n      <td>0.038997</td>\n      <td>0.261069</td>\n      <td>0.178029</td>\n      <td>0.271859</td>\n      <td>-0.038771</td>\n      <td>0.103100</td>\n      <td>0.090166</td>\n      <td>0.004867</td>\n      <td>-0.084820</td>\n      <td>0.291409</td>\n      <td>0.066526</td>\n    </tr>\n    <tr>\n      <th>condition</th>\n      <td>-0.020641</td>\n      <td>0.047493</td>\n      <td>0.032531</td>\n      <td>-0.093526</td>\n      <td>-0.047880</td>\n      <td>-0.019925</td>\n      <td>-0.220214</td>\n      <td>0.011109</td>\n      <td>0.038997</td>\n      <td>1.000000</td>\n      <td>-0.125651</td>\n      <td>-0.145523</td>\n      <td>0.164615</td>\n      <td>-0.315515</td>\n      <td>-0.073901</td>\n      <td>-0.001262</td>\n      <td>-0.017790</td>\n      <td>-0.106673</td>\n      <td>-0.089569</td>\n      <td>-0.016417</td>\n    </tr>\n    <tr>\n      <th>grade</th>\n      <td>0.006744</td>\n      <td>0.662583</td>\n      <td>0.357633</td>\n      <td>0.659452</td>\n      <td>0.767729</td>\n      <td>0.120176</td>\n      <td>0.463205</td>\n      <td>0.089171</td>\n      <td>0.261069</td>\n      <td>-0.125651</td>\n      <td>1.000000</td>\n      <td>0.761664</td>\n      <td>0.177103</td>\n      <td>0.433399</td>\n      <td>0.027358</td>\n      <td>-0.186288</td>\n      <td>0.112689</td>\n      <td>0.202731</td>\n      <td>0.735202</td>\n      <td>0.127271</td>\n    </tr>\n    <tr>\n      <th>sqft_above</th>\n      <td>-0.011529</td>\n      <td>0.604963</td>\n      <td>0.457610</td>\n      <td>0.684892</td>\n      <td>0.867604</td>\n      <td>0.187710</td>\n      <td>0.579794</td>\n      <td>0.084253</td>\n      <td>0.178029</td>\n      <td>-0.145523</td>\n      <td>0.761664</td>\n      <td>1.000000</td>\n      <td>-0.049400</td>\n      <td>0.424738</td>\n      <td>0.039006</td>\n      <td>-0.243199</td>\n      <td>0.010145</td>\n      <td>0.327287</td>\n      <td>0.727733</td>\n      <td>0.200252</td>\n    </tr>\n    <tr>\n      <th>sqft_basement</th>\n      <td>-0.002734</td>\n      <td>0.324877</td>\n      <td>0.312698</td>\n      <td>0.301539</td>\n      <td>0.453788</td>\n      <td>0.007957</td>\n      <td>-0.235400</td>\n      <td>0.081442</td>\n      <td>0.271859</td>\n      <td>0.164615</td>\n      <td>0.177103</td>\n      <td>-0.049400</td>\n      <td>1.000000</td>\n      <td>-0.109774</td>\n      <td>0.066765</td>\n      <td>0.075588</td>\n      <td>0.108263</td>\n      <td>-0.148824</td>\n      <td>0.207632</td>\n      <td>0.008890</td>\n    </tr>\n    <tr>\n      <th>yr_built</th>\n      <td>0.021260</td>\n      <td>0.036774</td>\n      <td>0.162714</td>\n      <td>0.484680</td>\n      <td>0.324299</td>\n      <td>0.082907</td>\n      <td>0.416793</td>\n      <td>-0.016935</td>\n      <td>-0.038771</td>\n      <td>-0.315515</td>\n      <td>0.433399</td>\n      <td>0.424738</td>\n      <td>-0.109774</td>\n      <td>1.000000</td>\n      <td>-0.217105</td>\n      <td>-0.385263</td>\n      <td>-0.166478</td>\n      <td>0.457330</td>\n      <td>0.348327</td>\n      <td>0.107737</td>\n    </tr>\n    <tr>\n      <th>yr_renovated</th>\n      <td>-0.020168</td>\n      <td>0.137104</td>\n      <td>0.023341</td>\n      <td>0.069777</td>\n      <td>0.068040</td>\n      <td>0.005654</td>\n      <td>0.034917</td>\n      <td>0.086466</td>\n      <td>0.103100</td>\n      <td>-0.073901</td>\n      <td>0.027358</td>\n      <td>0.039006</td>\n      <td>0.066765</td>\n      <td>-0.217105</td>\n      <td>1.000000</td>\n      <td>0.064416</td>\n      <td>0.032052</td>\n      <td>-0.069081</td>\n      <td>0.001329</td>\n      <td>0.005073</td>\n    </tr>\n    <tr>\n      <th>zipcode</th>\n      <td>-0.010725</td>\n      <td>-0.042484</td>\n      <td>-0.139447</td>\n      <td>-0.202740</td>\n      <td>-0.179350</td>\n      <td>-0.127868</td>\n      <td>-0.080677</td>\n      <td>0.033757</td>\n      <td>0.090166</td>\n      <td>-0.001262</td>\n      <td>-0.186288</td>\n      <td>-0.243199</td>\n      <td>0.075588</td>\n      <td>-0.385263</td>\n      <td>0.064416</td>\n      <td>1.000000</td>\n      <td>0.264582</td>\n      <td>-0.561442</td>\n      <td>-0.260525</td>\n      <td>-0.147365</td>\n    </tr>\n    <tr>\n      <th>lat</th>\n      <td>-0.004442</td>\n      <td>0.309013</td>\n      <td>0.002399</td>\n      <td>0.024802</td>\n      <td>0.062952</td>\n      <td>-0.085148</td>\n      <td>0.034106</td>\n      <td>-0.014013</td>\n      <td>0.004867</td>\n      <td>-0.017790</td>\n      <td>0.112689</td>\n      <td>0.010145</td>\n      <td>0.108263</td>\n      <td>-0.166478</td>\n      <td>0.032052</td>\n      <td>0.264582</td>\n      <td>1.000000</td>\n      <td>-0.126174</td>\n      <td>0.068425</td>\n      <td>-0.088959</td>\n    </tr>\n    <tr>\n      <th>long</th>\n      <td>0.011044</td>\n      <td>0.011829</td>\n      <td>0.110804</td>\n      <td>0.221787</td>\n      <td>0.217911</td>\n      <td>0.229418</td>\n      <td>0.163102</td>\n      <td>-0.044603</td>\n      <td>-0.084820</td>\n      <td>-0.106673</td>\n      <td>0.202731</td>\n      <td>0.327287</td>\n      <td>-0.148824</td>\n      <td>0.457330</td>\n      <td>-0.069081</td>\n      <td>-0.561442</td>\n      <td>-0.126174</td>\n      <td>1.000000</td>\n      <td>0.308182</td>\n      <td>0.260622</td>\n    </tr>\n    <tr>\n      <th>sqft_living15</th>\n      <td>-0.011673</td>\n      <td>0.599256</td>\n      <td>0.373918</td>\n      <td>0.578656</td>\n      <td>0.752655</td>\n      <td>0.154483</td>\n      <td>0.326940</td>\n      <td>0.091463</td>\n      <td>0.291409</td>\n      <td>-0.089569</td>\n      <td>0.735202</td>\n      <td>0.727733</td>\n      <td>0.207632</td>\n      <td>0.348327</td>\n      <td>0.001329</td>\n      <td>-0.260525</td>\n      <td>0.068425</td>\n      <td>0.308182</td>\n      <td>1.000000</td>\n      <td>0.193027</td>\n    </tr>\n    <tr>\n      <th>sqft_lot15</th>\n      <td>-0.144172</td>\n      <td>0.078733</td>\n      <td>0.026047</td>\n      <td>0.093108</td>\n      <td>0.183090</td>\n      <td>0.701012</td>\n      <td>0.018859</td>\n      <td>0.030377</td>\n      <td>0.066526</td>\n      <td>-0.016417</td>\n      <td>0.127271</td>\n      <td>0.200252</td>\n      <td>0.008890</td>\n      <td>0.107737</td>\n      <td>0.005073</td>\n      <td>-0.147365</td>\n      <td>-0.088959</td>\n      <td>0.260622</td>\n      <td>0.193027</td>\n      <td>1.000000</td>\n    </tr>\n  </tbody>\n</table>\n</div>"},"metadata":{}}]},{"metadata":{"trusted":true},"id":"organic-gather","cell_type":"code","source":"#Correlation with output variable\ncor_target = abs(correlation_table[\"price\"])\n#Selecting highly correlated features\nrelevant_features = cor_target[cor_target>0.5]\nrelevant_features","execution_count":6,"outputs":[{"output_type":"execute_result","execution_count":6,"data":{"text/plain":"price            1.000000\nbathrooms        0.523706\nsqft_living      0.701492\ngrade            0.662583\nsqft_above       0.604963\nsqft_living15    0.599256\nName: price, dtype: float64"},"metadata":{}}]},{"metadata":{"trusted":true},"id":"lined-hollow","cell_type":"code","source":"#drop features that have correlation <0.5\ndata = data.drop([\"id\",\"date\",\"bedrooms\",\"sqft_lot\",\"floors\",\"waterfront\",\"view\",\"condition\",\"sqft_basement\",\"yr_built\",\"yr_renovat